40
40

0000000000000000000000000000000000000000
0     1  00    1   00     1  00    1  F0
0  0     00        00     1  00    1   0
0    ~~~ 00  1     00     1  00    1   0
0 1 ~~~  00        00     1  00    1   0
0 ~~0...    ..     00     1  00    1   0
0 ~ 0~.~~00 .   1  00     1  00    1   0
0 ~ 0 0.~00  1     00     1  00    1   0
0  ~~~~. 00        00     1        1   0
000000000000000 00000     1  00    1   0
000000000000000 00000     1  00    1   0
0 1      00  1     00     1  00    1   0
0      1 00        00     1  00    1   0
0 ...    00     1  00     1  00    1   0
0  ...   00        00     1  00    1   0
0              1   00     1  00    1   0
0        00.~      00     1  00    1   0
0        00 1~~    00     1  00    1   0
0 1  1   00    ~~         1  00    1   0
0000 00000000000000000000000000000000000
0000 00000000000000000000000000000000000
0     1  00    1   00     1  00~~~~1   0
0  0     00        00     1  00~~~~1   0
0    ~~~ 00  1     00     1  00~~~~1   0
0 1 ~~~  00        00     1  00~~~~1   0
0 ~~0...    ..     00     1  00~~~~1   0
0 ~ 0~.~~00 .   1  00     1  00~~~~1   0
0 ~ 0 0.~00  1     00     1  00~~~~1   0
0  ~~~~. 00        00     1  00~~~~1   0
000000000000000 00000     1  00~~~~1   0
000000000000000 00000     1  00~~~~1   0
0 1      00  1     00     1  00~~~~1   0
0      1 00        00     1  00~~~~1   0
0 ...    00     1  00     1  00~~~~1   0
0  ...   00        00     1  00~~~~1   0
0              1   00     1  00~~~~1   0
0        00.~      00     1  00~~~~1   0
0        00 1~~    00     1  00~~~~1   0
0 1  1   00    ~~         1        1   0
0000000000000000000000000000000000000000
